10,198
10,82
10,110
10,96
10,30
10,178
11,11
11,23
11,4
11,20
8,4
8,18
94,4
94,3
94,2
94,1
94,0
93,4
93,3
93,2
93,1
93,0
92,4
92,3
92,2
92,1
92,0
20,3
20,2
20,1
19,3
19,2
19,1
12,3
12,2
12,1
11,26
11,24
11,22
11,21
11,19
11,18
11,16
11,15
11,13
11,10
11,6
11,5
11,3
11,2
11,1
10,300
10,292
10,284
18,1
10,282
18,3
10,278
10,234
14,1
10,228
14,3
13,1
10,224
13,3
10,220
10,188
10,138
10,130
10,112
10,76
10,26
10,6
10,3
10,2
10,1
9,7
9,6
9,4
9,3
9,2
9,1
8,17
8,16
8,15
8,14
8,13
8,12
8,10
8,8
8,7
8,6
8,3
8,2
8,1
